0.10689783704274429 0.2608558238969154
0.11277268515051314 0.24954567472558115
0.11888559436550997 0.24317593480770625
0.12533672476688063 0.23419997510370402
0.13213994238052662 0.22481427909079146
0.13929086018385456 0.22309461361396296
0.14296502599159872 0.2141875334284635
0.15012259834922212 0.21024680304075194
0.15937603441645293 0.20468763317954683
0.16756963388561866 0.20038713751438517
0.17662993744393896 0.20078004980968361
0.1821761351202308 0.19256260261951555
0.19122623232710953 0.18427193302075007
0.2016039125975175 0.1772617418218522
0.21254730379697045 0.1700845645133795
0.22508645350346473 0.16071556471910903
0.23380614871136776 0.16173406349129796
0.24255427732277016 0.15631441789177564
0.255707677809515 0.15161000644582806
0.2695716620019778 0.14736436684669782
0.2841559762752769 0.1466674527666025
0.2867176593083443 0.14060363984844243
0.30223430888136293 0.13947210627018208
0.31861011287868934 0.13655249052526036
0.33586767753215047 0.13416621884696375
0.3615016337300208 0.12875916211591665
0.3799187678830127 0.12444449264372329
0.40053443226709423 0.11985107449879741
0.42189457549816484 0.11564446996484001
0.45244428558504923 0.10909568116584671
0.4756257821811322 0.10393883765351926
