0.10665266668233801 0.48832333170762793
0.11145257478176522 0.4746298816749192
0.11725771199270245 0.4757468663198708
0.12384578767202231 0.46414845934711146
0.13055713245838707 0.4536318451817125
0.13761093309557892 0.4582761526952725
0.142185566420575 0.43671311961890247
0.14614181120724345 0.44231258530956663
0.1544225296531438 0.4322399210004161
0.16249971436598626 0.42558587304413753
0.1716909380718975 0.42448686686733494
0.182676648220742 0.41026247696201146
0.19221684970371444 0.39979038491239016
0.20317217168623028 0.3888536722951081
0.21316054754996464 0.3763205871451982
0.23121994226946171 0.36605818297023796
0.2437466762994272 0.358816838398989
0.2562785604345982 0.3510579588134141
0.27040265480977704 0.3434264878867447
0.2931792785617943 0.3349752187984317
0.30987380196414793 0.329237551547883
0.3464315667725126 0.32629700195575406
0.36187974383597843 0.31090980901380844
0.38133695419334257 0.3046639054784993
0.4023557261747212 0.29765590146818105
0.4241493845599288 0.2924543277376747
0.45709365324741635 0.2807093106291774
0.479801503901407 0.26856653825325677
0.505838525783983 0.2585014222921066
0.533301628206398 0.2475010462333839
0.5661567161335638 0.23609507829307314
0.5978885361440023 0.23682956999518737
0.630268078417317 0.23310153096158862
0.6643926886040044 0.2300622314746646
0.7183260533744634 0.22291987885939563
0.7587013832414842 0.22088562172974693
0.7969801921045827 0.2177921844494763
0.8423434467429575 0.21511255816045913
0.9057566793225329 0.20759493840213075
0.9527731910609345 0.20172618546420867
1.0044408321901055 0.19565506938519
1.0682580851194943 0.18931370706608114
1.1361941469662387 0.1809719789334394
1.1794709403796262 0.17804473014972816
1.2298886663599322 0.17192690336995253
1.2909199404932832 0.1663611103144531
1.349093987192224 0.1597504118866689
1.4566096940109394 0.15350546339740317
1.5261403991092406 0.14601387165700805
1.6019429140873405 0.13996474220112212
1.6889175122228879 0.13398237722030337
1.7778228176431303 0.13120337799737855
1.8431558086935542 0.12725470402652836
1.9357776986904318 0.12388994173245577
2.0406897680780487 0.12095484893592923
2.1372083754573534 0.11765290763046783
2.319820109105502 0.11350534943484747
2.444204723061397 0.10896753548611608
2.576814276230136 0.1051305710955275
2.6809811434421396 0.10226662564287785
