0.10924842415310351 8.391608100333995
0.11488342302137172 8.72005510579011
0.12108066650849168 8.9625017834827
0.12772605044801305 9.184302770103546
0.13331605182079093 9.538542688542973
0.14064159253946085 9.646775073249298
0.1480892933238051 10.0447916547928
0.1560699471237364 10.435899726518757
0.16376217019024739 10.816780142340155
0.17361247233329558 11.07116101676564
0.18254808719854074 11.404265978994088
0.19427417239948244 11.56624783166119
0.2045819482636016 11.794122283364581
0.21593645914290735 11.836708268041098
0.22748223627325576 12.070857004336027
0.23955292418571364 12.298068921069174
0.25204314075296397 12.525631347636226
0.266348079782715 12.787678084030698
0.2882232872245463 12.978204153458924
0.305668739851163 13.103886562630843
0.3227455352109651 13.274398503726054
0.34050758732611147 13.193518091834836
0.3620692872627402 13.325983436978596
0.3816567749765474 13.27127856973569
0.41304548978768707 13.170278916606144
0.4351443931821181 12.945559456072685
0.4589682804541921 12.919864367475487
0.4849063278804837 12.60982543980776
0.5100564284826772 12.360378506940341
0.5373544777368933 12.106715375112215
0.5524547068196093 11.783829497059598
0.5820162029984274 11.56624783166119
0.613581540684759 11.20497501906536
0.6468670777385939 10.825258827296619
0.6834628547401236 10.437433013377238
0.7008972437640121 10.058968515546693
0.7318325977637062 9.679711166554869
0.7547954415007683 9.327899620816952
0.7853809514767601 8.894293617513746
0.8136069888637326 8.525816753634787
0.8416990696291415 7.999958244458085
0.8762670182277135 7.725221573785502
0.9086691170301443 7.211070905099398
0.9292535690513163 6.901624247827922
0.9582600353530886 6.517826778007062
0.9840559702521653 6.203899702109232
1.010546320271112 5.905092728714632
1.0377497787567933 5.620677607483421
1.0800976553001773 5.052786949934608
1.12120091398279 5.006236392804407
1.1289219677103302 4.714975493145712
1.1491331182103297 4.527616313944134
1.1697157237994615 4.3400441545402355
1.1906669930761367 4.1602428203440915
1.211993529330397 3.987890378054935
1.2337020541265815 3.8226782315720156
1.2557994094217952 3.6643105694549893
1.2782925597223007 3.5125038352751554
1.30118859427856 3.3669862199092244
1.3244947293195735 3.2274971748665844
1.3366474427125292 2.9904082209740532
1.34224787288527 3.126686004383334
1.3861745858550811 2.8803807396090115
1.422050983533148 2.6915626095913914
1.4475576272634534 2.566445728704219
1.4932601571763608 2.3748912456358235
1.500903645860863 2.458387612651264
1.526893179660208 2.2131861630357745
1.5542931019596915 2.106589427000423
1.5821717088895626 2.0086649360460025
1.6105635980311868 1.9119188377975558
1.6394649763543556 1.819832455243019
1.6688712701823658 1.735237818757183
1.6988189729686294 1.6516611676765092
1.775531864251039 1.5561777020647738
1.7771488538869742 1.4644263797924097
1.8052689346638833 1.3928638143124918
1.8451123372761058 1.3405056492753782
1.8732000218147937 1.2881459805496613
1.9027797750172355 1.1882460165261972
1.906751693616415 1.2347800797212256
1.907457040143931 1.1406058947735516
1.941765931704417 1.0761414090291743
1.9767081739864636 1.0135319175148845
2.056934318063683 0.9537239620247132
2.0570757682051806 0.9397596671304955
2.0668055630533324 0.8755660947869686
2.1039979040842107 0.8246259975824399
2.1513867053416154 0.7684776517168104
2.2014500113200346 0.7004549628573469
2.239705316084472 0.6568842985480343
2.2699308884537572 0.6241445611525769
2.2903577427879958 0.6004004529875044
2.321324122330579 0.5674667073305396
2.352709177368288 0.5363394753056026
2.3845185685296073 0.5069196642817886
2.416758032976564 0.47911361715291023
2.460692692128793 0.4340726492493402
2.4818568828326546 0.45443228608400815
2.5048907138911427 0.41171158418977805
2.527431945430884 0.3960489877397457
2.5616036450864113 0.3743245260658457
2.5962373572046116 0.35379171555033956
2.631339328343828 0.3343851905927066
2.666915889517907 0.3160431710894919
2.7387170854715968 0.30060908849946727
2.7591651704861055 0.2863708700276993
2.7597198836686156 0.27428511966786967
2.79959174722652 0.26056691732269815
2.8268938258488934 0.24432185255432537
2.8780005507824398 0.22608614795908888
2.916959999903683 0.2129325431973198
2.9432577773805155 0.20411107641094986
2.9697926417904004 0.19565506938519
2.996517473812966 0.18821183360348617
3.0235324996392947 0.1804145076804289
3.050740930635644 0.17355106313322058
3.078244806635305 0.1663611103144531
3.1059966431180728 0.15946902614945696
3.133947159723812 0.15340240305996114
3.1764235673581376 0.1439689909151865
3.219422764257653 0.13559293063221967
3.2484473869679724 0.12997552468722862
3.277733680414058 0.12459083920490248
3.307229639421806 0.11985107449879741
3.3370458827453904 0.11488582936939438
3.3670755856320507 0.11051526887913936
3.4126556359660047 0.10408553322262376
