0.5232003388618598 0.10325005275685768
0.5490894181131715 0.10409887944555418
0.5717943719282355 0.10817456881584378
0.5920709932785988 0.11448146405129246
0.615793224835898 0.11989803766320765
0.6372637828741735 0.12547253983474993
0.6539620783874985 0.1314503370825488
0.6630174358466828 0.13996474220112212
0.6882116823926799 0.1500399523975407
0.6746489998526608 0.1449878262547549
0.7162614047321161 0.15589505561316191
0.7264690271305134 0.16519208404034105
0.7424204712684932 0.17334720704363485
0.7620469253095228 0.1825474430999814
0.7754327959585908 0.18821183360348617
0.795918872779631 0.19890107037688412
0.816968550824525 0.20896577716044737
0.83856114573895 0.2203152206003309
0.8574354881674454 0.23561986968088694
0.8532816897129459 0.22768610747719983
0.9002373036691751 0.24555561448410385
0.9227831473621466 0.26433891356202033
0.9471931966607171 0.2773886693489192
0.9722436289571529 0.29142497200324646
0.9979565704021464 0.30617153363342275
1.0243495423848166 0.3216642944599745
1.051440529682721 0.33794101333507603
1.0851205074679828 0.3596084356979166
1.1061368523269133 0.3755142683871056
1.1619278673168847 0.421091351781216
1.1470383174082908 0.3974478908393739
1.2252859558613869 0.4395733061898298
1.2404685244715716 0.4612933113271717
1.2939827812733795 0.4805234522471014
1.3243060531930277 0.5063242276498892
1.358097350852196 0.5649000157640569
1.3356011480223822 0.5382339049789111
1.430594574477967 0.5885579472324356
1.4763543761329116 0.6322661287605903
1.5221068126448203 0.660367687486936
1.5761364973023493 0.6937833304058091
1.6249990038243394 0.7229177684132702
1.668075911757984 0.7497426537902255
1.7047820862960057 0.778934937084094
1.8006135347142644 0.8080758182288159
1.8849900553375278 0.8596590367218144
1.9691744724598377 0.8968125992495823
2.0641030104738514 0.9603039336869096
2.0303007067221635 0.9267075234137678
2.162468071768975 1.0039932455289418
2.26760802149382 1.0173680544393056
2.3977644121778914 1.0153203113659293
2.5495473085529405 1.0297415345633298
2.685210753007124 1.017829365497285
2.8329618365809983 1.0137304722810934
2.9862569190644517 1.0070013820171908
3.13985639073152 0.980836100283929
3.3188203343217713 0.953443773398746
3.4984217973976293 0.9461876910336753
3.5820228853987883 0.9048591169409139
3.6731322015307586 0.858245690320636
3.7718046165652095 0.8265666562149665
3.8731913637815976 0.7932550458814899
3.9950604715616893 0.750624350174055
4.138662803659445 0.7186819722268328
4.231461445995113 0.6840671016992911
4.295946542975429 0.6550340104645295
4.5168684173286575 0.639290065624254
4.561914893751152 0.6035843139832242
4.643587100620145 0.5795996587477431
4.726760338164371 0.5555877389995413
4.811344237571051 0.5344517134838618
4.89748199135228 0.5132141832980146
4.9851618739565815 0.49282056974114485
5.074453200630229 0.4724037737815776
5.165258955176412 0.45443228608400815
5.25773286311735 0.4363744912455899
5.404019044728229 0.3934640746845869
5.351994297847062 0.41682388615493227
5.660619592843109 0.3767520695119466
5.695651766325918 0.3519254913664867
5.798145501911461 0.33145060221112055
5.9025321332739145 0.3116170806995101
6.008798084291882 0.2929703682415787
6.116926914372301 0.27592546537801654
6.227052711434693 0.25941448722118643
6.339161152943932 0.24389150196063325
6.453234894404972 0.22970198858042867
6.5694153958766135 0.21595695598317982
6.687687547372329 0.203034406126577
6.874679557109529 0.17788785628687145
6.808033050798566 0.19122194280081517
7.211546795900039 0.17087935920018535
7.087399552903573 0.16403127256130326
7.151295820366219 0.15723570998031894
7.215768142976465 0.15072167707395684
7.2808217141446185 0.14447751050209665
7.346461774102037 0.13849203011880643
7.412693610323223 0.13275451895435328
7.479522557951801 0.12725470402652836
7.5469540002302224 0.12198273794692778
7.614868195686152 0.11734219230356749
7.683519843062927 0.11248088629321039
7.752790417592023 0.10782097669161635
7.8225569119595715 0.10371918186334475
