0.10841130783553479 1.619622483508521
0.11376631776937322 1.6419835800157607
0.11989563582212344 1.710936330427417
0.12636037201228476 1.7671388071079932
0.13317186057943112 1.8305582556272837
0.1394138151698531 1.8614251462126608
0.1459783888049699 1.9728675270000229
0.1524963385657238 2.062491493559585
0.15930688663152945 2.1516302141402113
0.16496897772236685 2.239351371243775
0.17214915006112197 2.331539306734572
0.1781700056534003 2.3698723458201694
0.1872817129443768 2.451462914779235
0.19738042665383757 2.530503421401491
0.2071154157532986 2.604734718305391
0.21764777052460615 2.6836656809243937
0.2351319804004074 2.84275522402598
0.24780072062831196 2.9603924636931653
0.25888249462651747 3.0504593819456653
0.2713357893487147 3.1827645957796618
0.281732509572115 3.2312927073383118
0.29516911931852835 3.3908136047292237
0.30971288393206237 3.524910513879901
0.32600357945318365 3.6403945274441356
0.3432286222127265 3.8311115642335607
0.35939186827478825 3.8865548556688894
0.377096132062531 4.049289220268526
0.3974301295403073 4.179847128977044
0.41701759196937793 4.333927403946017
0.4369601119848603 4.429366284639845
0.4612237301942849 4.514332482858303
0.48567372807981096 4.647304774115889
0.5123322226543281 4.756720815704624
0.5417621766882476 4.864851968551271
0.555174924700397 4.915862117616812
0.5971469813068431 5.20727779722288
0.6265854447315413 5.38465636076414
0.6545976969562091 5.564805933716284
0.6848653492341665 5.747604013434126
0.7151467882735498 5.795085489195864
0.7464218621593216 6.05977047222815
0.7866622362213525 6.269871426553835
0.8254439738402664 6.482683781672951
0.864897315030251 6.6597924000777
0.910542599894235 6.755708766001914
0.947946037916845 6.933482358873681
0.9921239152566361 7.075071045257448
1.0502256299212214 7.296323187436001
1.1021104032182059 7.384752878325194
1.187441983612217 7.443571545509615
1.2737828656978734 7.496247984338298
1.348539695280594 7.535999805731539
1.4108533618451913 7.488700016883966
1.4854651219529382 7.298038474067767
1.5728754262740492 7.110082006891252
1.6581461706249279 6.9177455586163346
1.740260577316495 6.834238714138672
1.8183532421048108 6.823537322960731
1.9592557692051573 6.791533585139692
2.0652452411695257 6.766303781280273
2.1737501605226637 6.764978496204876
2.2548323176090177 6.696420182022013
2.527307311705736 6.74380920299572
2.6723511218210048 6.740413179261249
2.7992814626745224 6.730235365559657
2.957438401621655 6.677557946324914
3.1229730285198474 6.621289423836759
3.3036677089569775 6.522935747508553
3.4691752874970434 6.552940233637704
3.6472090397017065 6.5524601439135415
3.8559506210382697 6.391895727976237
4.097049595382725 6.279704500456017
4.325037260324733 6.24780326925565
4.55243874634936 6.196612493891534
4.819893355368371 6.153068646401232
5.089673868068992 6.101219739318109
5.403035417988881 6.0258380445451
5.670335985934686 6.013653233973848
5.898749368594466 6.024264424682399
6.300360819811996 5.981931674069346
6.662135570084139 5.941891362717427
6.969787553606251 5.93989639741297
7.379139486861538 5.9189896580055406
7.710342301292863 5.8981565043517
8.199364553363674 5.836095972458129
8.65552222213283 5.822393665518885
9.11057418333683 5.779780964059559
9.56124427309866 5.7746884428401115
10.122964922464346 5.734109472780759
10.717730560021435 5.688798874955981
11.21283995305462 5.668062126763185
11.888039482730006 5.621998967970602
12.498465175296053 5.5746251259312825
13.333100916669068 5.498400227992139
13.948898619142668 5.4892913050447785
14.767816290305664 5.496554162991072
15.56643783134271 5.496554162991072
16.481052366634835 5.451518674946987
17.29561680390183 5.494132143252306
18.231649785827496 5.448316009988892
19.217432343114172 5.457929653804573
19.991716341633932 5.457929653804573
21.352309257254703 5.448316009988892
22.50775033174503 5.410030472261337
23.746824379835623 5.358771401291703
25.07598873760468 5.313615649514457
25.912036845555075 4.962301303670354
26.594491191147657 5.334264608375598
28.008500283035072 5.3173640512152955
28.531034686881622 5.2595598228256994
30.20797048173886 5.195051864162115
33.921822960380524 5.100669507254133
35.22480739194623 5.158546023866263
43.10995472592376 5.034558776245067
45.11066197838529 5.0209676955762506
47.77545430782055 4.972810432207229
50.44955632779847 4.9309069851861596
53.39491962663988 4.8657709711303
55.93092034290452 4.860871629351981
59.403407659014235 4.815785933392949
62.508183567418875 4.780259430216913
65.89264895114862 4.716638250440528
69.17302832439536 4.7029840819873705
72.38332047733331 4.6901043587894575
76.97164375391546 4.673596530527408
81.13548945312269 4.65714680510766
85.901394185832 4.633488252869575
90.15357580468309 4.597324950167762
95.03311272093535 4.554301357756817
100.97261572778292 4.498972058016133
107.00314036906536 4.426980904102495
111.94648441421242 4.408344952977997
118.47995665681258 4.367676541205091
125.77469562761505 4.312586585947551
135.1402102584516 4.22713326447317
142.36189232806316 4.209426942948959
150.2011136072071 4.157310115132731
158.05541553994212 4.104873533331466
167.28921539069455 4.0188099027676465
175.01636708520522 4.008252512947699
185.30191815309848 3.9645241093126766
195.33133231898006 3.92742251844597
205.90922680855002 3.8678715250743005
217.37059071217703 3.836180491627131
228.80826117441856 3.773575269560982
241.20698154674145 3.690242050113308
254.2761736818627 3.6129929923611295
269.2428621614301 3.5083779873339935
281.6835538583613 3.4878213282661883
297.8733377732371 3.4268712187325843
315.3871444657859 3.3709457913161462
334.8258863769054 3.2849012305696976
352.01520875605695 3.2637354796723286
371.08928195105824 3.1935373789185735
391.19581905874537 3.126686004383334
412.4013816569212 3.0459811366253478
434.73440038325646 2.9997953235060684
458.28248228896683 2.9465076383055173
484.3837944165964 2.8892385160975294
509.72655032240954 2.836747578961798
539.2466569045871 2.7642980013465164
564.1668709360624 2.7442683454855987
598.1694433633693 2.69251180124044
628.3489241129998 2.6548039761755917
662.981750272222 2.594499308932801
695.8045957328674 2.570470699680401
736.7973136821563 2.4688113523513904
776.7826590630634 2.3748912456358235
818.9312433727005 2.288575223834115
859.6035542270179 2.1956976953633833
894.2559663618451 2.1860416630530315
38.588773898216445 5.103465327280478
