0.13969931417129872 0.1136940415590896
0.17678432831499086 0.15377482657377542
0.2237140455783523 0.19727950393776195
0.28044826703781595 0.2668268370847133
0.35157037315731593 0.37761495033489206
0.44489933714245805 0.5344029568927956
0.5577264842058217 0.7506022053201744
0.7057822901901144 1.1199027932724757
0.8931414506078489 1.584893192461114
1.1196434778829545 1.829342743352862
1.4168675155204482 1.8432055545011783
1.7761872676461747 1.4696472784789478
2.2266310542023677 1.05426750238684
2.8177194545120963 0.6168277937392516
3.53229738425115 0.2834386144832384
4.345470538341251 0.10075780283376035
