0.1081035743467665 5.367280727752267
0.1187415033030863 5.314448399250453
0.13221654062036317 5.1653962916490554
0.14404464576807022 5.243904379831582
0.16002872295656387 5.362026462374596
0.17504866154679724 5.382968990971711
0.19469189880484328 5.331130827982078
0.21630333571099872 5.204082090666332
0.2375718153038127 5.231816047868989
0.2636362415269006 5.208948617446771
0.28179031827330553 5.216806744745304
0.3174029528295225 5.193803103758966
0.3479734516890349 5.143792079445488
0.38461609566093746 5.264713680844261
0.4272975038164467 5.311999507803284
0.46471166305951045 5.309394427200409
0.5185497352110768 5.152486706214223
0.557826945703001 5.116015663200276
0.6228431000785761 5.209726434343034
0.6882521944771327 5.209674122988903
0.7560275189044203 5.3332198102846124
0.8413802765927078 5.419386990405136
0.9138703020262169 5.434406296732808
1.0100208960622223 5.3557281330694275
1.1049801315966243 5.275792043528692
1.3581716606745537 5.31134112348822
1.481903302785105 5.289522586554929
1.6530153317182186 5.2458097154376855
1.8082674756255739 5.201840501082843
2.0051448681761346 5.242307793462028
2.2006433005864565 5.255263893401786
2.439214419204929 5.331130827982078
2.7147645505771054 5.360735319285524
2.9467084489444555 5.418979436914629
3.3023137413064996 5.44269955450843
3.575888125255992 5.429812685843241
3.9837738586804776 5.364652951794816
4.367376853599768 5.283984010099265
4.870947503775487 5.338968733278125
5.311981002060002 5.344288775225864
5.806609227115211 5.344574291217213
6.443526131439956 5.345451328567767
7.0969395436234715 5.309270165480647
7.702657142893314 5.337400230888523
8.632629009752534 5.274898166287137
9.544285349414443 5.278137359359301
10.522143820868274 5.229839958809751
11.432455952747041 5.208454882925751
12.713372450306935 5.148551966958466
13.901120010642321 5.113304916179471
15.367873569624226 5.122296711591794
17.05762408152735 5.103788793529946
18.640956403694677 5.155570559841929
20.656167086438064 5.133721493423666
22.264212714226304 5.114430091054508
27.07829956949427 5.094132253798077
29.684147324519977 5.125346849565232
32.89331142192998 5.0999185585488345
35.21347444406603 5.07381807804206
43.11956237770601 5.0728594398106885
45.63847721090301 5.098272128264947
54.17415511206196 5.068750213161771
57.33747733823576 5.1202903462891305
67.11543895236909 5.072173919969621
73.04778022432745 5.079083870670759
80.7463200867122 5.095276989026579
87.69444318904553 5.057589582822309
108.38062520968826 5.071604533001783
114.71113373084535 5.104267689643968
136.16623937716236 5.067523850073889
144.1199534952801 5.098272128264947
171.0740162116473 5.0714141950167155
181.0664118236359 5.104267689643968
216.56025280441656 5.066225507867901
237.6889632406534 5.119013977564976
263.76367290884633 5.107298739517378
286.57556928000713 5.114430091054508
342.2394997319245 5.108024801644875
370.2606197580175 5.158546023866263
429.9768445155007 5.111118297835131
471.35029117595633 5.153823865129171
523.057731450074 5.142331704962079
567.4756555223985 5.144922566984347
629.7137951465735 5.158546023866263
691.6660029695203 5.131200472465985
763.8546537095026 5.158546023866263
848.2470178508726 5.148487133798403
896.1802598305381 5.150064972488092
