0.10536423868215332 6.621289423836759
0.11696784938105845 6.593333218366652
0.12308108356532096 6.547001598244155
0.13065958840564879 6.459360450055966
0.13663215625938174 6.557012408305639
0.1442031486404099 6.631803534082948
0.15231763101656165 6.799520419785426
0.15913676424250633 6.936742715424071
0.1673530722554375 7.133938062356449
0.18069408046840363 7.2984673587290905
0.19299146386879784 7.2877527996406615
0.20503689211304116 7.323816216111355
0.21398302895416677 7.426888611187599
0.22599719208331406 7.484509986091135
0.2382105175434437 7.540429666712025
0.24997928224809435 7.629575765446296
0.26477419004542796 7.702254350159203
0.2866123817450141 7.93223573323265
0.30104332679911694 7.9874315116115975
0.3184226737044429 8.078063675078097
0.33598303499088716 8.258717875575528
0.3677022454311356 8.187026015208628
0.38927266268137684 8.274086130657064
0.4121296293510983 8.270440210079476
0.455887116712195 8.33753807684984
0.47219504677017277 8.274086130657064
0.5065624403124555 8.215943791604863
0.533957315108414 8.213530080621753
0.5627910441409191 8.345708054741518
0.5926863997089116 8.403451716770073
0.6257822376761749 8.558948476178463
0.7193609603352832 8.946715156444782
0.7582109986710845 9.07912470820559
0.8061806448870553 9.273244605588797
0.8512343705336057 9.358867001826253
0.8955937693915187 9.586307456572582
0.931735310738531 9.460389556149549
1.035214969228116 9.497525148843968
1.1450832691772432 9.65509313902516
1.2069437400648795 9.76541313160482
1.2873538564710658 9.939100137045413
1.3558388141940318 10.239481157855883
1.4257198162057603 10.17848795427934
1.5028885586711336 10.080271331842859
1.5841625367013712 10.080271331842859
1.669878353649443 10.020030209648457
1.8551869667317733 10.235470429686636
1.9553627169514174 10.405281246598356
2.069982673070868 10.611114101435422
2.289592767263031 10.867326289252867
2.4068942994265883 11.032481832982041
2.5515058154303354 11.244552633882364
2.6807710864769048 11.516059603255707
2.9037752504932777 11.444547518704734
3.0497581943316208 11.705740074802762
3.2371468064043203 11.85527184283232
3.4039237404079636 11.659839785055329
3.564888459601456 12.152946412456766
3.7577361531051974 12.108748276689505
3.9608187184507315 12.19443909513455
4.19318493972822 12.315425977006974
4.6544846233063994 12.54330957706823
4.931694455498025 12.766404068759973
5.228472979573088 12.99346650463084
5.734360324764694 13.283138221471173
6.0760101160204 13.45977875852001
6.415440994543065 13.64293665145795
6.732144320145578 13.914995846737384
7.292128390168717 13.84484931941847
7.645396143759521 14.120934935062188
8.11921809585852 14.305641774140652
8.99193356659423 14.631148829039429
9.536506889492555 14.669029206954296
10.069426365431367 14.814567684780071
11.496262909247774 14.900131041914694
12.117332946103994 15.067429558718114
13.055602448978583 15.168114717007079
14.40326348556548 15.41130514085332
15.18806137198391 15.580680265797728
16.093804610188737 15.821893628736742
16.908966565184805 16.242602862429415
17.82305117239096 16.306680616854308
18.78681806786804 16.321060980034428
19.819346063245032 16.467499272746903
20.92310800014371 16.58013815548808
22.618749777398236 16.93994491196675
23.291316673428092 16.78798991094732
24.44161986836142 17.046463200307997
25.908142841397098 17.193058069812924
28.621654177374204 17.508404042195703
30.248516532949708 17.571278845302817
32.179908597722054 17.76528758632043
35.63884124976298 18.17053149356615
37.53336830323779 18.150610186520183
39.56181639286255 18.279057868032723
41.77452040572428 18.280346924588063
45.562208223192435 18.71051910383467
47.98291557870306 18.80200309560441
50.57593126252997 18.948417957708763
53.353944733706236 19.245807997900197
57.49026179107795 19.015346548450445
60.593273203329424 19.421911855054866
64.99790891064261 19.637095714148842
71.70706803407256 19.965816533530166
75.71648716711128 20.03398397718642
79.94741622899834 20.247023602894938
84.1919092039804 20.506868714859355
91.83616024785722 20.476763482381852
96.79647673246645 20.752967800283344
102.56595032974776 20.923795134769787
113.1516240300288 21.326627360864528
118.54112576922323 21.28656048466095
126.04879556893725 21.44980191932495
132.85922639854525 21.662106498225505
146.32203310103506 21.831306706931322
154.90738046063498 22.011657102997123
163.27917319251844 22.167428522914943
180.6069023567287 22.56832717916759
189.5404115267327 22.561696970811195
200.13396159415666 22.74540774429359
211.50348643803142 22.96972598459724
222.926622180944 23.295979228523137
237.06004321406883 23.166286844318883
255.0949304475041 23.34198378672914
268.03255827266946 23.640754949392683
287.2965341516606 23.330229312579107
307.08596646561807 23.82905071504221
326.5333029038226 24.037202443018273
361.1913480379945 24.3958152062216
377.40087110622636 24.338537370221943
401.3031337513945 24.525183670398135
422.98357156933446 24.79326617844543
455.7730420522363 24.52806630364266
480.37476935671043 25.034838134502113
510.1552472440694 25.262852597855392
564.9899229708644 25.844547022850143
595.5668521815747 25.630281799746502
627.7604628924349 25.751059354435057
661.7033765477107 25.796497525065416
726.4735690832308 25.998689407970684
771.508042144681 26.25531235917454
813.2150110093805 26.35966518212085
891.6176014914085 27.07796161880074
0.6726709293037434 8.711138252173946
