3.613065131018379 0.10386556741809971
3.7744260789016084 0.10835452837669804
3.942967546201279 0.11319703461608135
4.119062069177265 0.11808929180633229
4.265564758033188 0.12226980972748022
4.594274032624923 0.1325206840130657
4.757570402453365 0.1378829829260268
4.92663039754231 0.14371540270739477
5.10171889529782 0.14966254973196796
5.283029898005524 0.15585579812817965
5.399579341155516 0.1600322941336735
5.765048905837993 0.17217967277853347
5.969983192451013 0.1789888827881824
6.182202423652632 0.1860673774364145
6.401965562540416 0.1934258061548777
6.629513533929545 0.20125256163691752
6.80551555112726 0.20701019244067237
7.298156197860169 0.2223964953137161
7.623729281774699 0.23440650890281992
7.89476784259184 0.24346190939014517
8.175408760339927 0.2530901264940303
8.466060610975756 0.2628672972113391
9.118492355817502 0.2847214953662684
9.484035325867225 0.296869807417544
9.864248431225286 0.3094273348261431
10.304586485271981 0.3241691570045543
10.670984487934579 0.3363560032328585
11.543799714909028 0.3649412896883305
12.059271180369674 0.3812509954182147
12.597760268993065 0.3982896033263707
13.160294799022454 0.4160896890088463
13.509677663947645 0.42799359120555075
14.424314890233024 0.4588600244648464
14.937066252830839 0.4770066164590863
15.467917621828892 0.4967458262190319
16.01770084732076 0.5168460816907714
16.587025267847565 0.537759671162928
17.027311874453734 0.5536322287852072
18.25939215050525 0.5982872148144986
18.991391970994982 0.6237045791404254
19.839163865878938 0.6534192842188078
20.72484826097613 0.6840671016992911
21.368109492686013 0.7073688813604354
22.814874952800206 0.7577153513087558
23.72981133798501 0.7876808104790295
24.68119564936454 0.8205654327203727
25.783213520604523 0.8578423040234822
26.70012808902234 0.8890465918430621
28.632940057739766 0.9549016536782248
29.91169872409636 0.9961715022836604
31.247464540392606 1.0399580944583275
32.6428816099474 1.0856693207445662
33.65660994944739 1.1186997013984739
36.25090194739203 1.2076539154220196
37.86938387134358 1.2634061689507998
39.56012561773921 1.3217322672987304
41.32608162075462 1.384702599454207
42.609467707805244 1.4268307623105199
45.89340411967657 1.543548247898501
47.942234006937845 1.6159464554758451
49.86447461014214 1.6825199618161046
51.86370206629669 1.7524539458263078
53.47371983551232 1.810232978519119
57.596958651310175 1.9438668369508887
60.170053333979986 2.0221666682999313
62.85789216236169 2.1051044161350596
65.66579865176502 2.191443797536698
67.4104407205627 2.244621416794855
72.29152403932251 2.4018387732955873
75.85667778233896 2.4746214045169377
78.30782558920549 2.569032485923748
81.69677353773997 2.7211437352085026
84.23332212932792 2.807889124455002
90.72732105046047 3.022622390564824
94.77923984869186 3.1532569621665214
99.01146795959305 3.294180158847184
103.43336010432911 3.4365511725646463
106.18073164423292 3.524910513879901
114.86850118055722 3.8038548704948516
119.99857483278508 3.9682534910414535
125.35858389466082 4.133922776461055
130.95714887730767 4.312586585947551
144.17271344364514 4.713313322023008
150.6130104969989 4.906626562666294
157.3415174446814 5.104267689643968
165.09098484906124 5.3279988886257605
179.38076613848193 5.7746884428401115
187.39198359693026 6.024264424682399
195.76034168469968 6.289060204235636
204.50240528399112 6.565495048731296
210.85290375609839 6.767629325984069
228.1128858192337 7.24931046217814
240.4034423320496 7.549297202173763
253.3562050979328 7.86169781858463
263.52728344532534 8.10088194820134
286.34761417654744 8.713225282944801
301.771681767803 9.1004913420401
316.63660823524566 9.48711251370811
329.33889841842233 9.834520707762145
362.5932657599785 10.627755570142734
380.45919672132374 11.048052684433342
395.7296190815845 11.404265978994088
417.0478156683494 11.897146401387614
461.2330220960956 12.532257762028781
483.95190295075014 13.070047910587611
510.0520316700469 13.4676907742134
528.2280733505414 13.74756100134383
576.5408008449838 14.536875293940147
607.6177173177597 15.067429558718114
640.3697532895206 15.617347532834051
663.1788518811687 15.99819857229964
730.2180885183532 16.90679464308347
769.6123099475119 17.359849076351782
811.1273488620598 17.84600631981573
836.3788644115374 18.09948420008589
