2.3292208891690493 0.1068370555102355
2.438546252550592 0.1118875582388916
2.5418811050044097 0.11659981937387713
2.655385082081482 0.1218108185013524
2.91037451095309 0.13487768831539024
3.0137821194781083 0.14070696063425758
3.1208638714718115 0.14678816799287783
3.2317503117792294 0.15313219875960707
3.3465766235935197 0.1597504118866689
3.7492216670403513 0.17788785628687145
3.951194531065086 0.18557598298497258
4.145880355025146 0.1929149784685863
4.706589103753067 0.21156054542602723
4.9603125973716935 0.21902432637693747
5.204874342715965 0.22624563666836803
6.015238164933205 0.23282772585938766
6.340776494541425 0.23092007427380482
6.567471913800817 0.23010730154280407
7.298156197860169 0.2223964953137161
7.693757013916321 0.21671974761871773
8.11084604464505 0.21093983590582974
8.364356108611027 0.20847515582180537
9.338656554351854 0.18887662539835284
9.67420177144506 0.18137122700202105
10.021885758911885 0.1738572968578681
10.381937270135865 0.16709594912541106
10.660494386400828 0.16201944592440526
11.342033097833804 0.1447324434617115
11.545659468468715 0.1375188410023237
11.752844998240167 0.13089533149415628
11.96384677816649 0.12437138383871288
12.178736821914846 0.11796444571355189
12.397384744784844 0.11208498568809662
12.619958108763768 0.1064985635350429
12.789217483809148 0.10299034296284405
6.953428599409665 0.22493649577103164
5.549380701415766 0.2308319286183972
4.4316903780953005 0.20635107778764208
3.5403927923650187 0.17069065220466412
2.7995034618587007 0.12731187486765297
2.2130353183409435 0.10086612072810916
8.80993350254522 0.2028224875404507
11.171537193365536 0.15258807679476646
