0.10924154042603175 0.12299044836010856
0.11717183349406651 0.12680680380109496
0.12348936477426166 0.13104926423341717
0.1301489434170302 0.13511568222979778
0.13715841805928056 0.14133678717344456
0.14969973840964915 0.15019117980349797
0.15707119366050837 0.1571248688573401
0.16408875384994034 0.16333870474471782
0.1720273010571942 0.16884306376144267
0.18089018635868476 0.1752199831750456
0.19291534203584815 0.18362334842835784
0.20422519532367117 0.18696249321993966
0.21363613598621622 0.1906929207287803
0.21902248897368565 0.19817187914083562
0.2359143451618453 0.21212074549337515
0.24629961348014062 0.2205743110126529
0.264711910780359 0.2311916359802271
0.2767464519946231 0.23931283397663583
0.28848655142193397 0.2470288012566976
0.3000439056187383 0.2589575523321423
0.3134475942829954 0.26948348018416085
0.3274505964732311 0.28033839609129696
0.343601898834799 0.2883585920663548
0.3589576241246967 0.29897068656606873
0.3798917069393537 0.32394063847398674
0.39685521459961437 0.33841797123064343
0.4145748398964062 0.35379171555033956
0.4369202099523815 0.3669196571110855
0.4544381224758055 0.38210331248787466
0.4726283584293144 0.40337744469245296
0.49373450859568746 0.42110784916870747
0.5157798041255395 0.44023805191944954
0.5407259106257645 0.45635911155168335
0.5667613646058987 0.47425813654606364
0.5828267819899655 0.5093084213759889
0.5982670344545735 0.5300727347566432
0.614123060109447 0.5503883283226072
0.6331487517857333 0.576034327904334
0.6527656526682829 0.602521155427613
0.6759560875430641 0.6291157974041176
0.6975640298733312 0.6474565013374729
0.7154242716662595 0.67211294440373
0.7247276433949874 0.7086170454645785
0.7439189824433162 0.7392427314427159
0.7635976025909571 0.7757373094924374
0.7838139529579214 0.8102155561789257
0.8045699424101249 0.8452322233011085
0.825871041045455 0.8827992253593347
0.8533027291734034 0.929652943986722
0.8762804620304875 0.970515721358899
0.9090127234444433 1.0117466737560135
0.9288782086653985 1.0850315103843804
0.9660624945912349 1.1446346820474658
0.9916282636086059 1.1983223457948908
1.01788733401976 1.2501125815756837
1.0448245897490258 1.3087475547935195
1.086686095510344 1.370938128814901
1.1243243761533601 1.4261266107123067
1.139895798463914 1.5176443934317267
1.170055461359382 1.5906960721893573
1.2010130965495056 1.6672640870481223
1.23278981699517 1.7475176965354955
1.3047844906571668 1.8627515260695653
1.3452740054926888 1.9288465331177866
1.4151680292730777 2.1719562431138066
1.4674607149379144 2.310873842718187
1.4866840741959368 2.3874850462707724
1.546147272751178 2.5364586584711177
1.5871252130538802 2.6336710971113098
1.6291713487836539 2.741044880278386
1.6944264791962087 2.8780542626644965
1.7822815227157294 3.0274983349647617
1.824710943448814 3.2274971748665844
1.8730819917580588 3.3472580184273557
1.9311264293884527 3.4970568770735424
1.9996749380390266 3.674013451547957
2.070648179463669 3.863328256079651
2.1650379844640213 4.024617053020414
2.239972247890553 4.208190281610652
2.319407493319911 4.452418650641556
2.401847247919321 4.6325807126486405
2.487227417341185 4.815785933392949
2.5756320717665426 5.010651239650653
2.684663483360515 5.268840403223607
2.7864424059323722 5.377857381283701
2.9234979166853936 5.689801876778689
3.067536320614697 5.9189896580055406
3.2185973110001216 6.187879141924484
3.370849239111758 6.428704968070905
3.4691752874970434 6.552940233637704
3.8175258298481145 6.9042080219521935
4.023464865199388 7.093388565508282
4.259139307371004 7.297395194330633
4.455529481336846 7.398715027735224
4.698022144798688 7.678152088666205
4.964499928594748 7.894104126176596
5.23211974959099 8.175007002217697
5.49557977520913 8.224639025789026
5.8123878585241595 8.458446248086283
6.142449136997269 8.583125114520612
6.457096089284638 8.726890282161644
6.830103742404007 8.760460171224022
7.173587016452655 8.930956336106293
7.567973467722505 8.979371556769566
7.9769759638189885 9.042916498016957
8.427070435709517 9.109663856937646
8.82731556783833 9.1004913420401
9.333745601960857 9.13263561191735
9.752517987798026 9.13263561191735
10.777266847612623 9.004735772861293
11.0447445491493 8.983593959215867
11.553519285337332 9.030171635777515
12.178796879813127 8.954078785690117
12.837830147984313 8.891158110652814
13.496692793631116 8.862988243407306
14.226690794261229 8.847376900367133
14.99629557842075 8.81623665970976
15.53218776777997 8.81623665970976
17.011285565145446 8.723472024522902
17.436598491561295 8.662171832555723
18.191386073728054 8.754284606886182
19.091803202808823 8.692767893652178
20.391596900269132 8.636757393813259
21.50904563940706 8.53226091112204
22.232030086545784 8.460931932610311
22.877365030330793 8.57102827085381
24.09496510579062 8.450993575178817
25.55536285951987 8.391608100333995
27.09471718122284 8.290773674846715
27.61068923036892 8.194245903193808
28.898742451036387 8.281869467266247
30.543002969200614 8.215943791604863
32.765720568312226 8.172605317799116
34.489450548002324 8.056572103614233
36.24708846710953 8.118037941851455
38.27755723471016 7.976174223734972
40.42004011852866 7.908962895539067
42.645320372698606 7.82942454303214
44.92541539857455 7.752247862606463
47.530903342711404 7.839948161569416
49.99320506864412 7.678152088666205
52.65179661488221 7.638548136603975
55.25998288745033 7.523708286471981
58.45308097482969 7.528032613138987
61.61616230130876 7.4751328224337135
65.00659046153372 7.443571545509615
68.628385585445 7.304903653996215
72.29572288740727 7.3410519414031885
76.34387027756357 7.24675486151229
80.97116706715829 7.194140356429771
84.23816842632623 7.110082006891252
86.87561227938639 6.948982712807637
92.61811753448649 7.055142239417621
97.46193589674105 6.956337075685741
103.55238755764202 6.88395137324665
109.16281352096853 6.74380920299572
114.76105031439505 6.7755880492521845
121.40168138001269 6.668146761765103
128.9888480817328 6.5910088694715485
135.97294077780987 6.502523866007234
139.72985990497023 6.44167066561657
147.03224958477435 6.400917021677807
156.4980468195968 6.30682504234548
166.4283689106872 6.203899702109232
174.67335406455226 6.105344349113277
184.12636519508976 6.056210470749172
195.80925961993907 5.960876982489659
207.50256283288977 5.87325348855286
218.23501242559465 5.745352719939177
230.17006222812793 5.753010717694439
242.2114011237479 5.653804979109573
256.674051654072 5.578557652422076
269.86096679163256 5.499785183617591
284.46166034522014 5.470774238294304
299.8761412960565 5.349961163800762
316.1155133666316 5.268840403223607
334.71656157976054 5.134351424104929
349.3049127596556 5.105810544730499
369.9990014929034 4.972810432207229
389.36487357758347 4.861851102897072
411.55544031227583 4.731629477971361
433.8794956571814 4.57576258809374
453.31944250346044 4.633942089649331
482.0754856131388 4.57576258809374
508.15376378894297 4.559657210218596
535.6398333855244 4.548951796372251
554.4849092869378 4.458814930136682
590.0789750381065 4.322227717920357
622.0867057259115 4.179847128977044
655.8360261694529 4.035036878333684
690.4206576213779 3.8769740979820737
728.7911002155607 3.913599112507142
770.270010080936 3.8687808198176863
808.6290059279032 3.8452084834789892
868.8623234543704 3.716357041878663
1.3754532183578483 2.0282248754045074
