0.546071476692067 0.09997465763053527
0.5652144809785147 0.10520885538543812
0.571745140761452 0.11019102184440843
0.5946654760832741 0.11488582936939438
0.6185151563566554 0.11934504296173176
0.6461425414951776 0.12432753917334655
0.6869135598340398 0.1313576729989258
0.7144351517114162 0.137599678232093
0.7463318906180197 0.1439689909151865
0.7762489989119867 0.15019117980349797
0.8073653503039969 0.15668228517386398
0.8360687754273353 0.16273510703516672
0.8657444351276391 0.17105350560202098
0.9084540556542391 0.17564413838531662
0.9490228606696847 0.18336455423511525
0.9914326798134738 0.19021326170837327
1.0494203100982993 0.19913497777644942
1.1066624524086512 0.2071144904277704
1.1503174576683084 0.21544992037058702
1.2122565360888788 0.22592677167915293
1.266408892736686 0.23519299978609928
1.3229759240582457 0.24501199353189157
1.3821105439047416 0.25362611907246824
1.4292375655461258 0.2601778377813299
1.4564363985401152 0.2696735828189957
1.5283244858307705 0.27543944791130714
1.6106562605231012 0.28734365215210805
1.6974077972137567 0.30035010744822754
1.7967846377704377 0.31079411588676353
1.8686945059843942 0.3285417679873486
1.9351143640465525 0.34183583735064277
2.021529045613133 0.35692410707725025
2.084359249240488 0.3658431306545208
2.158350556712857 0.38421987121498324
2.2447855391189577 0.404041720745572
2.3449871718255886 0.4234902332669033
2.439115518998531 0.4368363223497964
2.5146682385320047 0.4576481985493251
2.6040696371275263 0.47532768936024444
2.696627267670178 0.4945612842585733
2.7924861917465345 0.5141197582225119
2.9194255999731182 0.5497418326438147
2.896240224304762 0.5244952978342753
3.0472701792533456 0.5679671388736459
3.1555806880790964 0.5909492838426494
3.267727497894122 0.6154036026482262
3.4239979812317727 0.6577120065966353
3.3544799614554885 0.6330096729040752
3.581826621346166 0.6689606019395888
3.7089247388703295 0.7046306536939769
3.857640164488046 0.7334012785966744
3.9841565991035455 0.7668536142575691
4.191475897719482 0.7977428230883313
4.378664105637154 0.8324160777779531
4.554122786737112 0.870947550743021
4.716011422842686 0.905391017179543
4.883634760055704 0.9420266360143201
5.057216009720401 0.9801446735410645
5.236966936626646 1.0198051141478734
5.392331447154556 1.072083658466768
5.640924544557876 1.0889919833343416
5.841068824210565 1.1478679552490476
6.101812954646684 1.2025549960371074
6.346407351922853 1.254528162524977
6.600849846312949 1.306903038447968
6.8955557869949 1.3672372025711585
7.203324639002564 1.4343970970609516
7.524904332013536 1.5016757058914465
7.860840381865221 1.5721099340517914
8.14031985913131 1.6323626962993623
8.92204692171604 1.8059828140221206
9.320521907850045 1.8834819992679281
9.69417979253506 1.9631528726219951
10.126959310036892 2.055232112368244
10.48671968108248 2.1465784984465284
10.780667782027361 2.2175257033177886
11.279768327455663 2.2636077995479305
11.748711421954603 2.3782430824535603
12.327277345111257 2.486282560814504
12.934334778137888 2.599230086200001
13.494553628872252 2.733232219489341
14.116644802463354 2.7773650033530126
14.617690269937514 2.919962424669732
15.270421815111753 3.0504593819456653
15.882740552060598 3.1738927550048213
16.447538377766108 3.2906974931841444
17.031635211252944 3.4457184566359014
17.87181475628774 3.539856387131881
18.66930206474655 3.7216021756858284
19.50320887060136 3.8769740979820737
20.3744310014755 4.035985471842814
21.376833887709328 4.259192540727483
22.432216552505103 4.3400441545402355
23.432969851385607 4.572536968011559
24.48022006245308 4.739978516534028
25.912036845555075 4.962301303670354
27.71493314255525 5.321115097163718
29.8035274960402 5.555004037110152
31.40906174847798 5.795085489195864
32.811668291909385 6.050874389585628
34.30070323519402 6.2279037783535145
35.813322586100995 6.373891265816578
37.41235004746912 6.665012648699994
39.42885641983673 6.912327361588788
41.190442148437704 7.1856899943604375
43.031320705977464 7.447947074702149
44.92541539857455 7.752247862606463
47.530903342711404 7.839948161569416
49.93426329873332 8.19183856669827
52.62454094407435 8.535843103026634
55.36050285975243 8.724936828104108
58.19958504004076 9.004735772861293
61.06924046898689 9.29506807737858
64.36225165654315 9.594761328088238
67.96054156572156 9.904117342294976
71.49055194620884 10.223447668551115
75.34550716679959 10.553073900413233
79.40833153021003 10.893328000315005
83.6876353937667 11.319692162985115
87.93149210468285 11.479187777222387
92.88156995412072 11.872003950763617
97.72245910819522 12.142952107764833
103.26483530288695 12.499160708621854
108.77131175399312 12.740708043226588
114.71679069066468 12.94773321232463
120.58941392860919 13.252574358859745
127.43456561982637 13.507320670779553
134.31205390948955 13.812343621123322
140.94973429866917 13.932997323468289
149.21119911250028 14.224208705950844
157.68276915785046 14.463593826150339
167.21766838092523 14.77804825086142
176.25234222483047 14.926422569862288
184.96331308632628 15.046193897184537
195.8135512500136 15.20976861296424
206.5734732758267 15.378736156200835
217.4104090091621 15.48288794816612
229.30526810151795 15.571526908414981
241.69913416908653 15.663302988579204
253.6478974408663 15.746363851044151
269.03977444666185 15.829865176601611
283.049922714698 15.9044602365396
298.35357200984384 15.941889481002177
311.73964899348863 15.941889481002177
334.40675748942664 16.05470655556448
352.4948403984012 16.017012432972596
373.2089341507895 15.857797235824881
392.7150559915445 15.740812782683587
420.20057865444556 15.544099088186583
442.92197408562583 15.562378928457983
466.86814038434835 15.608172634119752
500.81489956482676 15.718628071534694
527.8866545755858 15.792698948958984
556.4309308825417 15.811271142342688
544.4040119284468 15.498493371546461
586.5797379319724 15.480288572358512
626.5542948347471 15.174058282120942
657.588405421408 14.961550119682277
691.8829883484683 14.796669352791987
730.6943719211408 14.700095178972779
763.4906123093751 14.64835504099579
811.9054922499723 14.528335152397927
882.5853091551083 14.274450696877453
