0.11568758841216532 13.978875829952724
0.12742930396581076 14.014804294481054
0.14102115053135778 13.971229788562438
0.15205618495957327 14.51408409713415
0.1639547209573978 15.078031094380693
0.17845706346363185 15.664375594539203
0.18758559395327104 15.778540944992063
0.2066245999209097 15.895512628976352
0.22759597041930263 16.085538908819146
0.25069583084943264 16.45133279473191
0.2761402123662428 16.830851463215467
0.3041670722137829 17.092357298458808
0.33503851911433746 17.318933646256813
0.36904326452349534 17.447324784605886
0.406499322675434 17.45287370818506
0.4477569846693853 17.363332639817944
0.49320209441110624 16.9935197712243
0.5432596570461349 16.63692749899802
0.5983978136310976 16.377019574149877
0.6591322192144092 16.178245096376614
0.7260308652704175 15.951105604474744
0.7997193915866585 15.70191183014699
0.8808869372812794 15.426844988122275
0.9702925856696681 15.083731394787788
1.0687724632530298 14.72930841599368
1.177247559219041 14.573925127835945
1.2967323385829757 14.578560199274188
1.4283442295198743 14.499106727012096
1.5733140736137945 14.290949984061813
1.732997636755454 14.10842674384397
1.908888288338805 14.277088926130554
2.102630967333075 14.56427665115949
2.3160375658417443 14.895476207601789
2.5511038740163507 15.317638844487695
2.8100282447948586 15.726483493951811
3.0952321530182676 16.063455970840586
3.409382841195428 16.391842391538493
3.7554182637004994 16.62514863019174
4.136574562682518 16.81309083985075
4.556416332643349 17.068836084511215
5.018869956719899 17.4850555233364
5.528260326433445 17.917179755529194
6.0893512883110725 18.289336916830404
6.707390195638264 18.65723215714223
7.388156981993138 18.977575449706656
8.138018215500535 19.2353210542153
8.96398663932451 19.502831981842387
9.87378675522491 19.685322736825892
10.8759270635193 19.888680942433904
11.979779635042087 19.971855113777334
13.195667759262212 20.04893490031761
14.534962488249532 20.21054650336269
16.01018897937401 20.564165739862027
17.635143631260842 20.923972169983358
19.425023108463023 21.24907401232797
21.396566461497223 21.565365860581178
23.56821167135755 21.844217338882824
25.960268082519498 22.091159520649892
28.595106337037663 22.369621874422823
31.49736758601043 22.68801026634092
34.69419393496952 23.018324282743645
38.21548227833157 23.36845782043981
42.09416389678562 23.739165877481895
46.366512432426944 24.123503689477065
51.072483121836434 24.55347413208988
56.256086459633245 24.991108245117296
61.965799787021034 25.43654262363278
68.25502065452793 25.873286174170097
75.182566198812 26.36830818728758
82.81322320373175 26.91600346395455
91.21835398988375 27.45742656789954
100.47656379891737 27.991748781733108
110.6744359140432 28.5273023924857
121.90734139162173 29.04509479431884
134.28033097648418 29.55329006966725
147.90911754222998 30.10904517165084
162.9211582443328 30.645700196797602
179.45684650641311 31.21196909730283
197.67082498719319 31.707103543462072
217.73343180707866 32.230795730717475
239.83229355955464 32.710550187143475
264.17408000532146 33.186782041952156
290.98643685917295 33.702414728503186
320.5201147451394 34.22605895010165
353.0513142300056 34.78017987743285
388.8842688660746 35.26387745418892
428.3540903999521 35.78877924379582
471.82990275587713 36.29816344063699
519.7182941028018 36.838460547050936
576.4162242789585 37.57314683251068
630.5696882056809 37.99209337984347
694.5693792467248 38.60718651824965
765.0647210143416 39.20703760593319
842.7149897905805 39.854602882638815
888.3421886748141 40.20879388721716
