0.3162425412478969 0.1028995989519209
0.3274828936092031 0.10706331431238204
0.3391227669227118 0.11139550968422829
0.3668509941865499 0.1215533935368852
0.38044579945292595 0.1265090798164541
0.39511986679605404 0.13182164756168593
0.41095676667213 0.1376401146645844
0.4255670874849581 0.14295731497289968
0.4634060412693784 0.15585579812817965
0.48304473681039434 0.1623053319195411
0.5046193688042309 0.16920063847346528
0.5271558736049442 0.1765133127230545
0.5411580586134803 0.18105175817676877
0.5727649786336643 0.1927450025425936
0.5931181497449086 0.20089807365937057
0.6141920456325608 0.20958067783448042
0.6360147115385896 0.2186385350614907
0.652889060221857 0.22568791789091222
0.679043720016408 0.23669043706543147
0.7249719006220469 0.2571378471018527
0.7507275658882857 0.26848763776178314
0.7773950433708309 0.28058561795354164
0.8050131158775206 0.2929703682415787
0.8336020829261596 0.3067117783742667
0.8557186974559797 0.3166008344980865
0.909651728423906 0.3394337430478297
0.9461225972182132 0.3535423150098576
0.9883605678237287 0.37012477684369177
1.032490966708949 0.38693890661607777
1.0692065447730448 0.40120250317545464
1.15667190351283 0.43437885857347264
1.2083174204861993 0.45411194037555785
1.2622730648027947 0.4744067996453248
1.3186336842622235 0.4959582817216174
1.353681160188643 0.5069196642817886
1.4580892449095966 0.5420428621707378
1.5366374042214275 0.565469386539268
1.619417000911196 0.5899083807368289
1.6770662669769276 0.6067850586618093
1.822253062593331 0.6557272569452808
1.8952990397221834 0.6840671016992911
1.9626725803404588 0.7111199847777354
2.0413473480540874 0.7418538451695673
2.1139241543544443 0.7702861719345577
2.276825555396634 0.8348655372744169
2.357751800824899 0.8686474226935559
2.441554444571683 0.903796253724317
2.5283461139048735 0.9395387917268059
2.618223028329517 0.9766948441332279
2.6877101912677053 1.0064097875952986
2.8571191390753077 1.0780402783647165
2.9586588645271665 1.122651112785158
3.063819821123826 1.1680779145448659
3.172692485130119 1.2174873528264956
3.2854744374955587 1.2656354700560513
3.3726426118199306 1.3064423156947234
3.6326577332572265 1.4063524663448708
3.7949560751533054 1.4619696546946668
3.9644794464254343 1.5219313148606985
4.14158916232046 1.583235393418539
4.251611015222281 1.6227981842815637
4.559583357770325 1.7266932837378743
4.742095960064638 1.822686508508962
4.784214654235823 1.7975123979089451
5.045638603974262 1.8331726191862132
5.19839315681916 1.9424965351081607
5.200187927375645 1.8038614752778976
5.336489144810637 1.9910367487050145
5.798765044586548 2.1289907139117417
6.111148063749612 2.221003461095779
6.440359347191568 2.316992902771264
6.669628268881454 2.383279709759315
7.279385681313777 2.5394415305480913
7.671719797419485 2.635219238980908
8.085177236703855 2.7362167804615587
8.336628742573524 2.793077724528681
9.13885994814474 2.9725953479791274
9.631624494898034 3.070242009490984
10.150930946040093 3.1729603168094926
10.466628029435299 3.2388971681546095
11.575430935674829 3.418825422107248
12.200009148744467 3.5042569856854033
12.802089880696412 3.5850753122708325
14.535488937482388 3.818188047403944
15.31953186448263 3.92742251844597
16.145865994346643 4.039782076444346
18.252190078604364 4.279263130041949
19.288259545356535 4.361520846210419
20.187342506481052 4.442226058846364
22.922008676135857 4.673596530527408
24.159213940085714 4.7735222511309106
25.351519287686617 4.882465700081248
28.4105251249175 5.086302124705894
30.58208837471179 5.173117475246936
32.12145775568064 5.2244424560850975
36.47457029383144 5.438719299727378
38.4432690673739 5.555004037110152
40.34118411563599 5.6617845578478
46.208913396275705 5.981931674069346
48.70301902650326 6.109830783294515
50.88397015688331 6.21849983786474
58.0320891151622 6.517826778007062
61.16635627345577 6.610403508399836
64.32893396452906 6.696420182022013
72.82585586606938 6.907454612724988
76.62549290732592 6.985832443531777
80.62337329874431 7.0650996155947015
91.55038736279467 7.339326545147332
96.49336509671862 7.469863331701883
101.25716937552619 7.613452047582123
115.98973453592448 7.978049335989073
122.25290848188143 8.110408574815754
127.72921852579901 8.230440960469023
144.40214339548046 8.5911991605083
152.1978529790411 8.754284606886182
159.71122052914757 8.928857258379223
182.95025025385132 9.33886921861537
193.34076844746676 9.460389556149549
202.35960747305143 9.567735149218267
229.78572705081072 9.939100137045413
242.19096392897413 10.127772585694432
253.59370062449455 10.295796649472178
288.59216438089857 10.728153894270807
302.8500288666063 10.854986595929326
320.8891530473324 11.032481832982041
362.46216372034326 11.484971338720344
383.22990428125115 11.701024048925234
402.4111565216182 11.86722094024979
418.8753387167042 11.939168867024026
461.2330220960956 12.532257762028781
482.8225323851914 12.263428162529083
508.05353808413014 12.19443909513455
571.9125383221284 12.46248870992429
602.7465856794231 12.88700578613915
635.2464981175946 13.310330505649322
655.0100380866068 13.555030508044538
727.6499228325877 14.041496288788267
770.3485159938681 14.140864719090477
810.2078791530301 14.215852250163854
439.5137923036612 12.19389137932829
347.18867610603377 11.28325639466076
277.19518284141003 10.622267363732078
