0.1447856608288441 0.10353649001230687
0.15259078740385845 0.10718922063049374
0.16081623330356018 0.1110360498847975
0.16874654738555311 0.11448146405129246
0.17762367352217662 0.1180655014156283
0.1866244094869516 0.12065195592054155
0.1967061812354017 0.12205444264239665
0.2073295582370152 0.12386082339310758
0.21757503680710524 0.12503091231844254
0.22982302760466725 0.1276216625305178
0.24275637331158845 0.13074157956696142
0.2558611439186762 0.13330173965333356
0.2702673616917989 0.1357424161810845
0.2844356126864581 0.13586640047360143
0.3003671310235129 0.1410546749239627
0.31575124561928275 0.1436309726042193
0.3328065437859195 0.14549994451748208
0.34967376361329755 0.14842384323384147
0.36970023922043554 0.1519668024583828
0.3896781319044103 0.15322221393604404
0.41072471417330975 0.15536808673474756
0.4291418690788032 0.15619504708862986
0.45697415319432433 0.15850566682797815
0.48094515293157725 0.1611648057648181
0.506928952385848 0.16287861815164137
0.5353399313398362 0.1634676519386535
0.573155600418303 0.166522497084082
0.6040693262516189 0.17142247724699625
0.636671956278512 0.17519056601548214
0.6731440533113201 0.17887622164063235
0.722329961777806 0.18181943060961586
0.7585746009110158 0.1896551841983517
0.7995029963217852 0.19450866652587454
0.8426558163720979 0.19866743772900847
0.8611876874369407 0.20696153802250328
0.9610258267168469 0.20847515582180537
1.0129300702634336 0.21143625757419152
1.0700061617585577 0.2134493331790339
1.1274282287373243 0.2170839281209888
1.1860580248688417 0.22131005633955678
1.2501320620095313 0.22383876563543084
1.3176687538855367 0.22635202497446438
1.3888334774197721 0.22962101169883065
1.4590972428940336 0.23068271945767269
1.4769409722591904 0.22648508071081494
1.5567776228881884 0.2275523461601537
1.6409883198370891 0.22688471738598692
1.722146092408068 0.22715153351796782
1.8207060983226027 0.22423373284383347
1.921834751757764 0.22781994742270323
2.0256703711162425 0.23010730154280407
2.1364855487394463 0.23171237380294546
2.278431704080941 0.23189919194157074
2.3930524891212133 0.23558031216480269
2.522403013414786 0.23682956999518737
2.664633615668463 0.2371777602386495
2.8112971701449236 0.23860569261563913
2.9484321642099296 0.23981058942163486
3.113818037952476 0.23836544069147078
3.2925375435320805 0.23800551630942832
3.4532528464698 0.23764613540197876
3.639005806030383 0.2355941565399393
3.8445415795622684 0.23146351704286247
4.052692927585186 0.22849032819572732
4.27205744619299 0.22619689207418017
4.503162093192262 0.22535659537990638
4.746848957445129 0.22370726455954562
5.003469242093173 0.22449743142144743
5.297289548672195 0.22411663292193806
5.559298337921052 0.2241843238548283
5.813749509731886 0.22481427909079169
5.912169729987752 0.2196042901038229
6.2322410857195365 0.2169746097594988
6.569727366307739 0.21376838364010803
6.925476444654105 0.21069206231511073
7.284565706150575 0.2071744855632605
7.695717532894422 0.20519345616557128
8.112290527836375 0.203034406126577
8.551180111613926 0.20207421785717922
9.153615648254535 0.19985303173016988
9.669829619586933 0.19983835171825795
10.19281547286866 0.19960361812345842
10.72857580237903 0.1985896211798564
11.374991495748713 0.19911937539550514
11.939747436014901 0.19167196076667223
12.587017381793764 0.1865600730718943
13.269231298842616 0.182011856771294
13.866626395368833 0.176326699719622
14.56995877794184 0.17842628572839006
15.406572325857427 0.1772617418218522
16.239736843285232 0.1772617418218522
17.11699160506654 0.179420655125327
18.070533583107252 0.176326699719622
19.022364449779392 0.1715232439352541
20.05315318276765 0.16773543446911432
21.139682727559574 0.16422417312407783
22.88011039776638 0.16020166217096987
24.12164857786254 0.15430653220050208
25.42896761700693 0.15063313091601954
26.807065878547746 0.14713361638548644
28.760388584026423 0.14367318145384733
30.314171158527987 0.14524365967496541
31.95325382618155 0.14549994451748208
33.730627023376236 0.14542775938420963
35.658268323951724 0.14599242182827304
37.42403648037535 0.14430780471181026
39.449277689298235 0.14320956552233105
41.58347138837775 0.14259373727362548
43.83465344234516 0.14092211113271091
46.0447574339007 0.13991540040644648
48.709957828118476 0.1371959667078921
51.34707394488601 0.1355132723290213
54.126071583830885 0.13432399814548893
57.30661333922302 0.1330565149341623
60.14473853132122 0.1313576729989258
63.40005557629045 0.1301283757348832
67.04046264017957 0.1293007681716842
71.00821167191758 0.12745228098892986
74.25653765223939 0.12845685427710146
78.27629519795576 0.12703055650613512
82.5095868698256 0.12695592843711678
86.59040006366142 0.12705295347999845
91.5450925205264 0.12570214564687482
96.63887136064649 0.12517794850839487
107.61464905395513 0.12391178497917683
114.58697091603541 0.1234901639161608
120.36391474496281 0.12270168462456019
126.87683975403438 0.12191107537662228
133.99177910215357 0.1215533935368852
141.60226383465863 0.11977186586748281
148.6142067996016 0.11840430474500305
156.65633523638152 0.1175492445449003
165.13471207422856 0.11654045020249625
174.07417155150367 0.11522389129932405
182.8532400313793 0.11407852198365911
193.4407988604888 0.11142824549484255
203.91631416073204 0.1097386735993528
214.95450321557425 0.10857336642536494
227.5891008714689 0.10719481990215353
238.8743994027605 0.10451457894319471
251.81237727345447 0.10274853657417013
259.6744089505229 0.10226662564287785
