0.11911576415180779 1.0554733045479145
0.12554911220645348 1.0704648455753023
0.13002919373762353 1.0818480747071213
0.14959314409750837 1.1500285430666126
0.15766045669043885 1.185713571832193
0.16327834407262584 1.2110652003522766
0.18967720971607904 1.2732445589919104
0.20027807631801667 1.2840647460453005
0.20779129527598397 1.2949768843637053
0.2380369859149954 1.341451286669417
0.25309684395012233 1.3701327283812474
0.2609803884715842 1.384702599454207
0.298950159565263 1.453061928456752
0.31508931490693365 1.4806451853210993
0.3263329294222024 1.4963902361530828
0.3751370905142439 1.5599622043721517
0.3947096004108461 1.5776628568663462
0.40987903047733404 1.588827612986967
0.4703930802838058 1.6250885437714258
0.4971255799170732 1.6342823527029953
0.5171381210428782 1.6458477919353054
0.5924312011039993 1.6929338208934595
0.6244210981269759 1.7210203145312724
0.6495367582642445 1.745465031932547
0.7506052005991504 1.8273338947121174
0.7911361230545033 1.8576501428575425
0.8193579635724758 1.8818224775477508
0.9386529492632805 1.9356595019105733
0.9937277828255876 1.9516501598452745
1.0292104193440081 1.9631528726219951
1.1874146573018118 2.002300880443242
1.2482942331701234 2.0169447523488926
1.2985390879779233 2.033606915077495
1.487796415500656 2.033606915077495
1.5682542328745446 2.033606915077495
1.631440309788753 2.033606915077495
1.8873153801241198 2.0422295541707194
1.989313187685717 2.056681941647171
2.058566375871013 2.062491493559585
2.368813559276704 2.091786337598849
2.496915473462952 2.091786337598849
2.5861426757891364 2.091786337598849
2.976210875444048 2.0746474873657332
3.1372802612918207 2.0576490626541113
3.24946209901865 2.047998282126058
3.7401116283239033 1.9700870164364457
3.942738543418426 1.931114854127155
4.101863974482246 1.9040701663133424
4.742095960064638 1.822686508508962
5.00777140134608 1.8368698430979362
5.1774147741901055 1.8038614752778976
5.958781925912999 1.7598844761762615
6.286767128414341 1.7462858082835604
6.47730621778313 1.7413669331808934
7.4808013204670285 1.7121432819786817
7.892432271027241 1.7049143230370978
8.174468110276528 1.7049143230370978
9.448544312637356 1.7009114314688956
9.915783258617129 1.7049143230370978
10.270123486967805 1.7049143230370978
11.922260046057751 1.725070529950067
12.577648130070495 1.7364619133888297
13.015508914522194 1.7413669331808934
14.937103082910706 1.7811091842081832
15.785721098576364 1.7975123979089451
16.34928588236877 1.810232978519119
18.795611066760713 1.8607092938368794
19.82840503508887 1.8818224775477508
20.536297359219454 1.895139701143833
23.630163850280105 1.9424965351081607
24.929019876335616 1.9576231341667758
25.796864173280778 1.9631528726219951
29.68309118708724 2.0145756140520614
31.56243131897351 2.0383927656648897
32.689597419527196 2.047998282126058
37.7132122842882 2.1036204521074144
39.54205184612332 2.124491480053678
41.06199703197536 2.136510621299379
47.663127773616274 2.2053963796330085
50.23765081037949 2.2340936989953404
51.8038890595869 2.244621416794855
59.34533636291711 2.316992902771264
62.551559170655146 2.3416316017608296
64.7847074506579 2.3582027884654
72.29152403932251 2.4018387732955873
75.85667778233896 2.4746214045169377
78.67108778821343 2.552407897748618
81.36922204196766 2.5127214711562864
94.03559386377339 2.599230086200001
99.55186934706059 2.6274876193343966
103.10709268333437 2.6398691269634234
118.63469373502866 2.734609304430924
125.37094827351036 2.7773650033530126
129.50404747448843 2.8029432846167004
149.01919346143833 2.85279625232672
155.02328260869905 2.85279625232672
162.68575659204544 2.872984833353664
187.18622823869546 2.974342718531441
197.28573849860007 3.0504593819456653
204.3189451335944 3.1047146549308464
234.87937513385333 3.225221995702018
247.57316312360385 3.2480461478078726
257.76914742432706 3.261818096301475
297.9059822512153 3.3472580184273557
313.7228998077983 3.3884232979229205
323.7885077211096 3.402790455595547
374.1989638335764 3.5042569856854033
394.4199589773314 3.533205969077408
408.50559143853485 3.549855492500143
469.98274527202244 3.749260823389904
495.32949992399574 3.863328256079651
512.9879214190607 3.932041162209638
595.5750104465211 3.8883824444513015
627.8774229666742 3.7647154621065004
650.3751828245164 3.690242050113308
748.4549428743827 3.6772534517051505
788.8524668539267 3.7558764561949882
816.9883670101625 3.809223495617237
559.4632697738327 4.043352203934773
693.8348696799493 3.5834975848356043
887.7489386928679 3.940085244553465
442.0124128787747 3.6145350002091585
349.09224876776244 3.4919752833215045
281.73434824570984 3.259182008377575
217.78177293940428 3.148671410414356
172.04102976164037 2.888511874922759
140.31007804278042 2.8391185063974995
108.46897056199941 2.6959486164457114
86.6015460664683 2.538016154301076
68.40160731430333 2.410030128818746
54.61179281188286 2.2688471738598706
43.602015087507546 2.1359349149941966
35.181864343196 2.081383272450377
27.491441130228004 1.9764241404547467
22.183356372461628 1.909408609248092
17.148512237948516 1.8288255674601852
13.690258647800848 1.7516433831903269
11.046036689653837 1.7216903932435343
8.722878826536656 1.7069065220466413
7.037238752695661 1.7216903932435343
5.6160419728122335 1.7821174782151732
4.386311531288865 1.8767578440147255
3.4997758454335495 2.0282248754045074
2.7044706631589666 2.099410564404468
2.2777584207617685 2.081383272450377
1.7418466852603085 2.0282248754045074
1.3754532183578483 2.0282248754045074
1.0979842438726664 1.9764241404547467
0.8671652144533846 1.909408609248092
0.7074258183450893 1.7668147296146928
0.5528336681585037 1.6490296498947257
0.43658147417670273 1.620831348231691
0.3485523131327891 1.5390967375650908
0.2753458109363984 1.4119285957903744
0.21985356989217233 1.3064863267737024
0.17741107690919136 1.2513484994088238
0.1386864386433665 1.0900669780000665
0.10954488864933298 1.0262093211115313
