1.500000000000000000e+00 1.960099852804351038e-07
2.500000000000000000e+00 9.434598063289038894e-07
3.500000000000000000e+00 1.956226731935688168e-06
4.500000000000000000e+00 3.066259381128090136e-06
5.500000000000000000e+00 4.157874017832603438e-06
6.500000000000000000e+00 5.181766247885768766e-06
7.500000000000000000e+00 6.139569757998403595e-06
8.500000000000000000e+00 7.024016476869529350e-06
9.500000000000000000e+00 7.907828239621450672e-06
1.050000000000000000e+01 8.793744762071438478e-06
1.150000000000000000e+01 9.681791866093326224e-06
1.250000000000000000e+01 1.057159083325588847e-05
1.350000000000000000e+01 1.146237920389427599e-05
1.450000000000000000e+01 1.235421258042011195e-05
1.550000000000000000e+01 1.324659855538869102e-05
1.650000000000000000e+01 1.413946222077938346e-05
1.750000000000000000e+01 1.503306592896422268e-05
1.850000000000000000e+01 1.592669214234998130e-05
1.950000000000000000e+01 1.682034656697183845e-05
2.050000000000000000e+01 1.771462167505049559e-05
2.150000000000000000e+01 1.860881505980813055e-05
2.250000000000000000e+01 1.950301260960222494e-05
2.350000000000000000e+01 2.039732225760060744e-05
2.450000000000000000e+01 2.129188428665122792e-05
2.550000000000000000e+01 2.218602294686196770e-05
2.650000000000000000e+01 2.308015663382473505e-05
2.750000000000000000e+01 2.397474808442479096e-05
2.850000000000000000e+01 2.486923070724345204e-05
2.950000000000000000e+01 2.576359202931444140e-05
3.050000000000000000e+01 2.665766911423673400e-05
3.150000000000000000e+01 2.755159200171155244e-05
3.250000000000000000e+01 2.844557200201502795e-05
3.350000000000000000e+01 2.933957591208689810e-05
3.450000000000000000e+01 3.023325886534337280e-05
3.550000000000000000e+01 3.112675733161145803e-05
3.650000000000000000e+01 3.202002532503541902e-05
3.750000000000000000e+01 3.291298818162624791e-05
3.850000000000000000e+01 3.380592649995830244e-05
3.950000000000000000e+01 3.469859047398187612e-05
4.050000000000000000e+01 3.559125444800544303e-05
4.150000000000000000e+01 3.648399413792002539e-05
4.250000000000000000e+01 3.737678843189371571e-05
4.350000000000000000e+01 3.826958272586739924e-05
4.450000000000000000e+01 3.916224883085217903e-05
4.550000000000000000e+01 4.005490334836864892e-05
4.650000000000000000e+01 4.094748220089638568e-05
4.750000000000000000e+01 4.183918853559661657e-05
4.850000000000000000e+01 4.273089487029685423e-05
4.950000000000000000e+01 4.362261107643315114e-05
5.050000000000000000e+01 4.451448819722445514e-05
5.150000000000000000e+01 4.540636531801574559e-05
5.250000000000000000e+01 4.629824243880704959e-05
5.350000000000000000e+01 4.718923090608639789e-05
5.450000000000000000e+01 4.808004884509944047e-05
5.550000000000000000e+01 4.897086678411249661e-05
5.650000000000000000e+01 4.986186296660425211e-05
5.750000000000000000e+01 5.075311490483499593e-05
5.850000000000000000e+01 5.164436684306573976e-05
5.950000000000000000e+01 5.253561878129648358e-05
6.050000000000000000e+01 5.342631828447071932e-05
6.150000000000000000e+01 5.431684256851745159e-05
6.250000000000000000e+01 5.520736685256419742e-05
6.350000000000000000e+01 5.609789113661092292e-05
6.450000000000000000e+01 5.698822290523037655e-05
6.550000000000000000e+01 5.787852588173912611e-05
6.650000000000000000e+01 5.876882885824788244e-05
6.750000000000000000e+01 5.965913183475663199e-05
6.850000000000000000e+01 6.054895450947789687e-05
6.950000000000000000e+01 6.143859727734405556e-05
7.050000000000000000e+01 6.232824004521020746e-05
7.150000000000000000e+01 6.321788281307635937e-05
7.250000000000000000e+01 6.410738707324197666e-05
7.350000000000000000e+01 6.499659069177228206e-05
7.450000000000000000e+01 6.588579431030258747e-05
7.550000000000000000e+01 6.677499792883287931e-05
7.650000000000000000e+01 6.766420154736318472e-05
7.750000000000000000e+01 6.855337659230861282e-05
7.850000000000000000e+01 6.944253382514918181e-05
7.950000000000000000e+01 7.033169105798976436e-05
8.000000000000000000e+01 7.077626967441004208e-05
8.040816326530612912e+01 7.113919099393682319e-05
8.081632653061224403e+01 7.150211231346357719e-05
8.122448979591837315e+01 7.186503363299035830e-05
8.163265306122448806e+01 7.222795495251711230e-05
8.204081632653061718e+01 7.259078644972007956e-05
8.244897959183673208e+01 7.295346580078163100e-05
8.285714285714286120e+01 7.331614515184320955e-05
8.326530612244897611e+01 7.367882450290476099e-05
8.367346938775510523e+01 7.404150385396633953e-05
8.408163265306122014e+01 7.440418320502789097e-05
8.448979591836734926e+01 7.476686255608945596e-05
8.489795918367346417e+01 7.512954190715102096e-05
8.530612244897959329e+01 7.549222125821258595e-05
8.571428571428570820e+01 7.585490060927416449e-05
8.612244897959183731e+01 7.621757996033572949e-05
8.653061224489795222e+01 7.658025931139728093e-05
8.693877551020408134e+01 7.694293866245885947e-05
8.734693877551021046e+01 7.730548993700365220e-05
8.775510204081632537e+01 7.766775616466423658e-05
8.816326530612245449e+01 7.803002239232483450e-05
8.857142857142856940e+01 7.839228861998540532e-05
8.897959183673469852e+01 7.875455484764600324e-05
8.938775510204081343e+01 7.911682107530658762e-05
8.979591836734694255e+01 7.947908730296718554e-05
9.020408163265305745e+01 7.984135353062776991e-05
9.061224489795918657e+01 8.020361975828835428e-05
9.102040816326530148e+01 8.056588598594893865e-05
9.142857142857143060e+01 8.092815221360953658e-05
9.183673469387754551e+01 8.129041844127012095e-05
9.224489795918367463e+01 8.165268466893070532e-05
9.265306122448978954e+01 8.201495089659128969e-05
9.306122448979591866e+01 8.237719781716785279e-05
9.346938775510204778e+01 8.273941558692107269e-05
9.387755102040816269e+01 8.310163335667429259e-05
9.428571428571429180e+01 8.346385112642751248e-05
9.469387755102040671e+01 8.382606889618073238e-05
9.510204081632653583e+01 8.418828666593395228e-05
9.551020408163265074e+01 8.455050443568717217e-05
9.591836734693877986e+01 8.491272220544039207e-05
9.632653061224489477e+01 8.527493997519359841e-05
9.673469387755102389e+01 8.563715774494683186e-05
9.714285714285713880e+01 8.599937551470003820e-05
9.755102040816326792e+01 8.636159328445327165e-05
9.795918367346939704e+01 8.672381105420649155e-05
9.836734693877551194e+01 8.708602882395969789e-05
9.877551020408162685e+01 8.744824659371290424e-05
9.918367346938775597e+01 8.763449449696976087e-05
9.959183673469388509e+01 8.769387723424630545e-05
1.000000000000000000e+02 8.775325997152286358e-05
