1.500000000000000000e+00 1.834152931260413703e-07
2.500000000000000000e+00 3.825002017026556306e-07
3.500000000000000000e+00 6.677308316587123316e-07
4.500000000000000000e+00 1.033495108852038461e-06
5.500000000000000000e+00 1.479647486566298360e-06
6.500000000000000000e+00 1.979321199934617186e-06
7.500000000000000000e+00 2.484756735743137353e-06
8.500000000000000000e+00 3.044746665487605973e-06
9.500000000000000000e+00 3.659650046674096492e-06
1.050000000000000000e+01 4.333623435190199438e-06
1.150000000000000000e+01 4.975381286391053010e-06
1.250000000000000000e+01 5.612965593368673104e-06
1.350000000000000000e+01 6.285381226499974192e-06
1.450000000000000000e+01 6.995119912903344093e-06
1.550000000000000000e+01 7.727131030983896748e-06
1.650000000000000000e+01 8.378535982941735246e-06
1.750000000000000000e+01 9.048691869405380136e-06
1.850000000000000000e+01 9.737618596134448549e-06
1.950000000000000000e+01 1.044526123744385338e-05
2.050000000000000000e+01 1.112085876786750885e-05
2.150000000000000000e+01 1.175520193893013848e-05
2.250000000000000000e+01 1.239842105771386094e-05
2.350000000000000000e+01 1.305063600221203350e-05
2.450000000000000000e+01 1.371180809555264833e-05
2.550000000000000000e+01 1.431842516612030834e-05
2.650000000000000000e+01 1.492042610029862965e-05
2.750000000000000000e+01 1.552554106880614428e-05
2.850000000000000000e+01 1.613414544163379517e-05
2.950000000000000000e+01 1.673114781096372803e-05
3.050000000000000000e+01 1.728908884289422302e-05
3.150000000000000000e+01 1.784680853163030738e-05
3.250000000000000000e+01 1.840397351002534592e-05
3.350000000000000000e+01 1.896100182327090799e-05
3.450000000000000000e+01 1.951606674440717538e-05
3.550000000000000000e+01 2.007007693987084877e-05
3.650000000000000000e+01 2.062367648712806666e-05
3.750000000000000000e+01 2.117673235257442268e-05
3.850000000000000000e+01 2.172967716469391506e-05
3.950000000000000000e+01 2.228138037086058756e-05
4.050000000000000000e+01 2.283308357702726007e-05
4.150000000000000000e+01 2.338440991128263642e-05
4.250000000000000000e+01 2.393546445667255138e-05
4.350000000000000000e+01 2.448651900206246974e-05
4.450000000000000000e+01 2.503662370103043689e-05
4.550000000000000000e+01 2.558664253993038628e-05
4.650000000000000000e+01 2.613660170537234417e-05
4.750000000000000000e+01 2.668587275657813770e-05
4.850000000000000000e+01 2.723514380778393462e-05
4.950000000000000000e+01 2.778435605664265930e-05
5.050000000000000000e+01 2.833260976620357978e-05
5.150000000000000000e+01 2.888086347576449686e-05
5.250000000000000000e+01 2.942911718532541734e-05
5.350000000000000000e+01 2.997622490067620285e-05
5.450000000000000000e+01 3.052311270533827263e-05
5.550000000000000000e+01 3.107000051000035257e-05
5.650000000000000000e+01 3.161660526497060009e-05
5.750000000000000000e+01 3.216280388119384495e-05
5.850000000000000000e+01 3.270900249741709659e-05
5.950000000000000000e+01 3.325520111364034146e-05
6.050000000000000000e+01 3.380074006841877381e-05
6.150000000000000000e+01 3.434606979443545542e-05
6.250000000000000000e+01 3.489139952045213703e-05
6.350000000000000000e+01 3.543672924646882542e-05
6.450000000000000000e+01 3.598119530301132561e-05
6.550000000000000000e+01 3.652553219137519741e-05
6.650000000000000000e+01 3.706986907973906244e-05
6.750000000000000000e+01 3.761420596810292747e-05
6.850000000000000000e+01 3.815765668529974639e-05
6.950000000000000000e+01 3.870077546896664083e-05
7.050000000000000000e+01 3.924389425263352850e-05
7.150000000000000000e+01 3.978701303630042293e-05
7.250000000000000000e+01 4.032993309695388328e-05
7.350000000000000000e+01 4.087242181399609002e-05
7.450000000000000000e+01 4.141491053103829676e-05
7.550000000000000000e+01 4.195739924808050350e-05
7.650000000000000000e+01 4.249988796512270346e-05
7.750000000000000000e+01 4.304164190668782113e-05
7.850000000000000000e+01 4.358293780639708402e-05
7.950000000000000000e+01 4.412423370610634690e-05
8.000000000000000000e+01 4.439488165596098174e-05
8.040816326530612912e+01 4.461581875788312584e-05
8.081632653061224403e+01 4.483675585980527673e-05
8.122448979591837315e+01 4.505769296172742761e-05
8.163265306122448806e+01 4.527863006364957172e-05
8.204081632653061718e+01 4.549944606026427250e-05
8.244897959183673208e+01 4.572005692184738561e-05
8.285714285714286120e+01 4.594066778343050550e-05
8.326530612244897611e+01 4.616127864501361861e-05
8.367346938775510523e+01 4.638188950659675205e-05
8.408163265306122014e+01 4.660250036817986517e-05
8.448979591836734926e+01 4.682311122976298506e-05
8.489795918367346417e+01 4.704372209134609817e-05
8.530612244897959329e+01 4.726433295292921806e-05
8.571428571428570820e+01 4.748494381451233795e-05
8.612244897959183731e+01 4.770555467609546461e-05
8.653061224489795222e+01 4.792616553767857772e-05
8.693877551020408134e+01 4.814677639926169761e-05
8.734693877551021046e+01 4.836722382901565142e-05
8.775510204081632537e+01 4.858730752516050925e-05
8.816326530612245449e+01 4.880739122130538742e-05
8.857142857142856940e+01 4.902747491745024526e-05
8.897959183673469852e+01 4.924755861359510987e-05
8.938775510204081343e+01 4.946764230973996771e-05
8.979591836734694255e+01 4.968772600588483910e-05
9.020408163265305745e+01 4.990780970202969693e-05
9.061224489795918657e+01 5.012789339817456832e-05
9.102040816326530148e+01 5.034797709431942616e-05
9.142857142857143060e+01 5.056806079046429755e-05
9.183673469387754551e+01 5.078814448660915539e-05
9.224489795918367463e+01 5.100822818275402000e-05
9.265306122448978954e+01 5.122831187889887784e-05
9.306122448979591866e+01 5.144827489511459183e-05
9.346938775510204778e+01 5.166805570259855378e-05
9.387755102040816269e+01 5.188783651008251573e-05
9.428571428571429180e+01 5.210761731756648446e-05
9.469387755102040671e+01 5.232739812505044641e-05
9.510204081632653583e+01 5.254717893253440836e-05
9.551020408163265074e+01 5.276695974001837031e-05
9.591836734693877986e+01 5.298674054750234582e-05
9.632653061224489477e+01 5.320652135498630099e-05
9.673469387755102389e+01 5.342630216247026294e-05
9.714285714285713880e+01 5.364608296995423167e-05
9.755102040816326792e+01 5.386586377743820040e-05
9.795918367346939704e+01 5.408564458492216235e-05
9.836734693877551194e+01 5.430542539240613108e-05
9.877551020408162685e+01 5.452520619989008625e-05
9.918367346938775597e+01 5.463812328384434302e-05
9.959183673469388509e+01 5.467399715413481966e-05
1.000000000000000000e+02 5.470987102442528952e-05
